2.000000000000000000e+00,0.000000000000000000e+00,3.506091646354386171e+01,0.000000000000000000e+00,-3.506091646354386171e+01,0.000000000000000000e+00,0.000000000000000000e+00,0.000000000000000000e+00,3.506091646354386171e+01,0.000000000000000000e+00,0.000000000000000000e+00,2.500000000000000000e+01,1.612083333333333428e+02,1.343402777777777715e+02,0.000000000000000000e+00
2.000000000000000000e+00,0.000000000000000000e+00,1.862083333333333428e+02,1.000000000000000000e+01,-1.762083333333333428e+02,1.000000000000000000e+01,3.347011686930644103e+00,8.333333333333333925e+00,1.778750000000000000e+02,0.000000000000000000e+00,0.000000000000000000e+00,2.500000000000000000e+01,1.600888310185185333e+02,0.000000000000000000e+00,0.000000000000000000e+00
2.000000000000000000e+00,1.000000000000000000e+01,1.850888310185185333e+02,2.000000000000000000e+01,-1.750888310185185333e+02,1.000000000000000000e+01,3.347011686930644103e+00,8.333333333333333925e+00,1.767554976851851904e+02,0.000000000000000000e+00,0.000000000000000000e+00,2.500000000000000000e+01,1.589771030253343724e+02,0.000000000000000000e+00,0.000000000000000000e+00
2.000000000000000000e+00,2.000000000000000000e+01,1.839771030253343724e+02,4.000000000000000000e+01,-1.639771030253343724e+02,2.000000000000000000e+01,6.797031657662763848e+00,1.666666666666666785e+01,1.673104363586677152e+02,0.000000000000000000e+00,0.000000000000000000e+00,2.500000000000000000e+01,1.578730953654361997e+02,0.000000000000000000e+00,0.000000000000000000e+00
2.000000000000000000e+00,4.000000000000000000e+01,1.828730953654361997e+02,6.000000000000000711e+01,-1.628730953654361997e+02,2.000000000000000000e+01,6.797031657662763848e+00,1.666666666666666785e+01,1.662064286987695425e+02,0.000000000000000000e+00,0.000000000000000000e+00,2.500000000000000000e+01,1.567767544253984795e+02,0.000000000000000000e+00,0.000000000000000000e+00
2.000000000000000000e+00,6.000000000000000711e+01,1.817767544253984795e+02,1.060000000000000142e+02,-1.357767544253984795e+02,4.600000000000000000e+01,1.573790253907580272e+01,3.833333333333333570e+01,1.434434210920651367e+02,0.000000000000000000e+00,0.000000000000000000e+00,2.500000000000000000e+01,1.556880269641109749e+02,0.000000000000000000e+00,0.000000000000000000e+00
2.000000000000000000e+00,1.060000000000000142e+02,1.806880269641109749e+02,1.520000000000000284e+02,-1.346880269641109749e+02,4.600000000000000000e+01,1.573790253907580272e+01,3.833333333333333570e+01,1.423546936307776321e+02,0.000000000000000000e+00,0.000000000000000000e+00,2.500000000000000000e+01,1.546068601101935656e+02,0.000000000000000000e+00,0.000000000000000000e+00
2.000000000000000000e+00,1.520000000000000284e+02,1.796068601101935656e+02,2.000000000000000284e+02,-1.316068601101935656e+02,4.800000000000000000e+01,1.616501537793955379e+01,4.000000000000000000e+01,1.396068601101935656e+02,0.000000000000000000e+00,0.000000000000000000e+00,2.500000000000000000e+01,1.535332013594283183e+02,0.000000000000000000e+00,0.000000000000000000e+00
2.000000000000000000e+00,2.000000000000000284e+02,1.785332013594283467e+02,2.460000000000000284e+02,-1.325332013594283467e+02,4.600000000000000000e+01,1.524775145206492866e+01,3.833333333333332860e+01,1.401998680260950039e+02,0.000000000000000000e+00,0.000000000000000000e+00,2.500000000000000000e+01,1.524669985722100876e+02,0.000000000000000000e+00,0.000000000000000000e+00
2.000000000000000000e+00,2.460000000000000284e+02,1.774669985722100591e+02,2.960000000000000000e+02,-1.274669985722100876e+02,4.999999999999997158e+01,1.657760809087360343e+01,4.166666666666666430e+01,1.358003319055434019e+02,0.000000000000000000e+00,0.000000000000000000e+00,2.500000000000000000e+01,1.514081999710141702e+02,0.000000000000000000e+00,0.000000000000000000e+00
2.000000000000000000e+00,2.960000000000000000e+02,1.764081999710141702e+02,3.460000000000000568e+02,-1.264081999710141133e+02,5.000000000000005684e+01,1.657760809087360343e+01,4.166666666666666430e+01,1.347415333043475130e+02,0.000000000000000000e+00,0.000000000000000000e+00,2.500000000000000000e+01,1.503567541378821204e+02,0.000000000000000000e+00,0.000000000000000000e+00
2.000000000000000000e+00,3.460000000000000568e+02,1.753567541378821204e+02,3.840000000000000000e+02,-1.373567541378821772e+02,3.799999999999994316e+01,1.311169489312238134e+01,3.166666666666666785e+01,1.436900874712154632e+02,0.000000000000000000e+00,0.000000000000000000e+00,2.500000000000000000e+01,1.493126100119246189e+02,0.000000000000000000e+00,0.000000000000000000e+00
2.000000000000000000e+00,3.840000000000000000e+02,1.743126100119246189e+02,4.220000000000000000e+02,-1.363126100119246189e+02,3.800000000000000000e+01,1.311169489312238134e+01,3.166666666666666785e+01,1.426459433452579617e+02,0.000000000000000000e+00,0.000000000000000000e+00,1.050000000000000000e+02,1.482757168868418205e+02,0.000000000000000000e+00,0.000000000000000000e+00
2.000000000000000000e+00,4.220000000000000000e+02,2.532757168868418205e+02,4.740000000000000000e+02,-2.012757168868418205e+02,5.200000000000000000e+01,1.790927276347203900e+01,4.333333333333333570e+01,2.099423835535084777e+02,0.000000000000000000e+00,0.000000000000000000e+00,1.050000000000000000e+02,1.472460244084609542e+02,0.000000000000000000e+00,0.000000000000000000e+00
2.000000000000000000e+00,4.740000000000000000e+02,2.522460244084609258e+02,4.920000000000000000e+02,-2.342460244084609258e+02,1.800000000000000000e+01,6.127434509158334208e+00,5.833333333333332860e+01,1.939126910751276114e+02,1.765982444365787885e+01,4.333333333333332860e+01,1.050000000000000000e+02,1.462234825722910898e+02,0.000000000000000000e+00,0.000000000000000000e+00
2.000000000000000000e+00,4.920000000000000000e+02,2.512234825722910614e+02,5.320000000000000000e+02,-2.112234825722910614e+02,4.000000000000000000e+01,1.351146385351943735e+01,3.333333333333332860e+01,2.178901492389577470e+02,0.000000000000000000e+00,0.000000000000000000e+00,1.050000000000000000e+02,1.452080417210946450e+02,0.000000000000000000e+00,0.000000000000000000e+00
2.000000000000000000e+00,5.320000000000000000e+02,2.502080417210946166e+02,6.139999999999998863e+02,-1.682080417210947303e+02,8.199999999999988631e+01,2.791337887241200377e+01,6.833333333333332860e+01,1.818747083877613022e+02,0.000000000000000000e+00,0.000000000000000000e+00,1.050000000000000000e+02,1.441996525424759170e+02,0.000000000000000000e+00,0.000000000000000000e+00
2.000000000000000000e+00,6.139999999999998863e+02,2.491996525424759170e+02,6.840000000000000000e+02,-1.791996525424758033e+02,7.000000000000011369e+01,2.368099580608986798e+01,5.833333333333332860e+01,1.908663192091426026e+02,0.000000000000000000e+00,0.000000000000000000e+00,1.050000000000000000e+02,1.431982660664864966e+02,0.000000000000000000e+00,0.000000000000000000e+00
2.000000000000000000e+00,6.840000000000000000e+02,2.481982660664864966e+02,8.160000000000000000e+02,-1.161982660664864397e+02,1.320000000000000568e+02,4.473525743413441802e+01,1.100000000000000000e+02,1.381982660664864966e+02,0.000000000000000000e+00,0.000000000000000000e+00,1.050000000000000000e+02,1.422038336632470248e+02,0.000000000000000000e+00,0.000000000000000000e+00
2.000000000000000000e+00,8.160000000000000000e+02,2.472038336632470248e+02,8.920000000000000000e+02,-1.712038336632469964e+02,7.600000000000002842e+01,2.575094916556966140e+01,6.333333333333334281e+01,1.838705003299136820e+02,0.000000000000000000e+00,0.000000000000000000e+00,1.050000000000000000e+02,1.412163070405855763e+02,0.000000000000000000e+00,0.000000000000000000e+00
2.000000000000000000e+00,8.920000000000000000e+02,2.462163070405856047e+02,9.520000000000000000e+02,-1.862163070405856615e+02,5.999999999999994316e+01,2.063713383079340602e+01,5.000000000000000000e+01,1.962163070405856047e+02,0.000000000000000000e+00,0.000000000000000000e+00,1.050000000000000000e+02,1.402356382416926408e+02,0.000000000000000000e+00,0.000000000000000000e+00
2.000000000000000000e+00,9.520000000000000000e+02,2.452356382416926408e+02,1.024000000000000000e+03,-1.732356382416926408e+02,7.200000000000000000e+01,2.437084922378279117e+01,6.000000000000000000e+01,1.852356382416926408e+02,0.000000000000000000e+00,0.000000000000000000e+00,1.050000000000000000e+02,1.392617796427919927e+02,0.000000000000000000e+00,0.000000000000000000e+00
2.000000000000000000e+00,1.024000000000000000e+03,2.442617796427919643e+02,1.044000000000000000e+03,-2.242617796427919075e+02,2.000000000000005684e+01,6.320285016688167445e+00,1.666666666666666430e+01,2.275951129761253071e+02,0.000000000000000000e+00,0.000000000000000000e+00,1.050000000000000000e+02,1.382946839508281585e+02,0.000000000000000000e+00,0.000000000000000000e+00
2.000000000000000000e+00,1.044000000000000000e+03,2.432946839508281869e+02,1.052000000000000000e+03,-2.352946839508281300e+02,8.000000000000056843e+00,2.586569623698782738e+00,4.999999999999999289e+01,1.932946839508281869e+02,1.779097737610556251e+01,4.333333333333332860e+01,1.050000000000000000e+02,1.373343042011696298e+02,0.000000000000000000e+00,0.000000000000000000e+00
2.000000000000000000e+00,1.052000000000000000e+03,2.423343042011696298e+02,1.068000000000000000e+03,-2.263343042011696298e+02,1.600000000000000000e+01,4.805754248263214734e+00,1.333333333333333215e+01,2.290009708678362870e+02,0.000000000000000000e+00,0.000000000000000000e+00,1.000000000000000000e+02,1.363805937553281638e+02,0.000000000000000000e+00,0.000000000000000000e+00
2.000000000000000000e+00,1.068000000000000000e+03,2.363805937553281638e+02,1.114000000000000000e+03,-1.903805937553281638e+02,4.600000000000000000e+01,1.498114990483592734e+01,3.833333333333332860e+01,1.980472604219948494e+02,0.000000000000000000e+00,0.000000000000000000e+00,1.000000000000000000e+02,1.354335062986939704e+02,0.000000000000000000e+00,0.000000000000000000e+00
2.000000000000000000e+00,1.114000000000000000e+03,2.354335062986939420e+02,1.168000000000000000e+03,-1.814335062986939420e+02,5.400000000000000000e+01,1.760067027173086629e+01,4.499999999999999289e+01,1.904335062986939420e+02,0.000000000000000000e+00,0.000000000000000000e+00,1.000000000000000000e+02,1.344929958382863617e+02,0.000000000000000000e+00,0.000000000000000000e+00
2.000000000000000000e+00,1.168000000000000000e+03,2.344929958382863333e+02,1.244000000000000000e+03,-1.584929958382863333e+02,7.600000000000000000e+01,2.548325509403041167e+01,6.333333333333332860e+01,1.711596625049530189e+02,0.000000000000000000e+00,0.000000000000000000e+00,1.000000000000000000e+02,1.335590167005204876e+02,0.000000000000000000e+00,0.000000000000000000e+00
2.000000000000000000e+00,1.244000000000000000e+03,2.335590167005204876e+02,1.274000000000000000e+03,-2.035590167005204876e+02,3.000000000000000000e+01,1.010176944686397427e+01,6.000000000000000000e+01,1.735590167005204876e+02,1.406968991869380226e+01,3.500000000000000000e+01,1.000000000000000000e+02,1.326315235289891064e+02,0.000000000000000000e+00,0.000000000000000000e+00
2.000000000000000000e+00,1.274000000000000000e+03,2.326315235289891064e+02,1.306000000000000227e+03,-2.006315235289889642e+02,3.200000000000014211e+01,1.043949332432467081e+01,2.666666666666666785e+01,2.059648568623224492e+02,0.000000000000000000e+00,0.000000000000000000e+00,1.000000000000000000e+02,1.317104712822600163e+02,0.000000000000000000e+00,0.000000000000000000e+00
2.000000000000000000e+00,1.306000000000000227e+03,2.317104712822599879e+02,1.338000000000000000e+03,-1.997104712822601869e+02,3.199999999999980105e+01,1.081230872195140513e+01,2.666666666666666785e+01,2.050438046155933307e+02,0.000000000000000000e+00,0.000000000000000000e+00,1.000000000000000000e+02,1.307958152316887492e+02,0.000000000000000000e+00,0.000000000000000000e+00
2.000000000000000000e+00,1.338000000000000000e+03,2.307958152316887777e+02,1.410000000000000000e+03,-1.587958152316887208e+02,7.200000000000005684e+01,2.449136654169640437e+01,6.000000000000000000e+01,1.707958152316887777e+02,0.000000000000000000e+00,0.000000000000000000e+00,1.000000000000000000e+02,1.298875109592464980e+02,0.000000000000000000e+00,0.000000000000000000e+00
2.000000000000000000e+00,1.410000000000000000e+03,2.298875109592464696e+02,1.506000000000000000e+03,-1.338875109592463559e+02,9.600000000000011369e+01,3.288049452321763511e+01,8.000000000000000000e+01,1.498875109592464696e+02,0.000000000000000000e+00,0.000000000000000000e+00,1.000000000000000000e+02,1.289855143553628238e+02,0.000000000000000000e+00,0.000000000000000000e+00
2.000000000000000000e+00,1.506000000000000000e+03,2.289855143553628523e+02,1.629999999999999773e+03,-1.049855143553631933e+02,1.239999999999996589e+02,4.210772211252115937e+01,1.033333333333333428e+02,1.256521810220294952e+02,0.000000000000000000e+00,0.000000000000000000e+00,1.000000000000000000e+02,1.280897816167839380e+02,0.000000000000000000e+00,0.000000000000000000e+00
2.000000000000000000e+00,1.629999999999999773e+03,2.280897816167839380e+02,1.670000000000000000e+03,-1.880897816167837391e+02,4.000000000000019895e+01,1.299814303591605480e+01,3.333333333333333570e+01,1.947564482834505952e+02,0.000000000000000000e+00,0.000000000000000000e+00,1.000000000000000000e+02,1.272002692444451526e+02,0.000000000000000000e+00,0.000000000000000000e+00
2.000000000000000000e+00,1.670000000000000000e+03,2.272002692444451668e+02,1.742000000000000000e+03,-1.552002692444452805e+02,7.199999999999988631e+01,2.404460860018597756e+01,6.000000000000000000e+01,1.672002692444451668e+02,0.000000000000000000e+00,0.000000000000000000e+00,1.000000000000000000e+02,1.263169340413587207e+02,0.000000000000000000e+00,0.000000000000000000e+00
2.000000000000000000e+00,1.742000000000000000e+03,2.263169340413587065e+02,1.855999999999999773e+03,-1.123169340413589907e+02,1.139999999999997158e+02,3.826043598134260293e+01,9.500000000000000000e+01,1.313169340413587065e+02,0.000000000000000000e+00,0.000000000000000000e+00,1.070000000000000000e+02,1.254397331105159736e+02,0.000000000000000000e+00,0.000000000000000000e+00
2.000000000000000000e+00,1.855999999999999773e+03,2.324397331105159310e+02,2.007999999999999773e+03,-8.043973311051581732e+01,1.520000000000001137e+02,5.179906515842480985e+01,1.266666666666666572e+02,1.057730664438492880e+02,0.000000000000000000e+00,0.000000000000000000e+00,1.070000000000000000e+02,1.245686238528040377e+02,0.000000000000000000e+00,0.000000000000000000e+00
2.000000000000000000e+00,2.007999999999999773e+03,2.315686238528040803e+02,2.130000000000000000e+03,-1.095686238528039667e+02,1.220000000000001137e+02,4.134418276389892810e+01,1.016666666666666714e+02,1.299019571861373947e+02,0.000000000000000000e+00,0.000000000000000000e+00,1.070000000000000000e+02,1.237035639649373593e+02,0.000000000000000000e+00,0.000000000000000000e+00
2.000000000000000000e+00,2.130000000000000000e+03,2.307035639649373593e+02,2.177999999999999545e+03,-1.827035639649377572e+02,4.799999999999960210e+01,1.610252956709553729e+01,4.000000000000000000e+01,1.907035639649373593e+02,0.000000000000000000e+00,0.000000000000000000e+00,1.070000000000000000e+02,1.228445114374030709e+02,0.000000000000000000e+00,0.000000000000000000e+00
2.000000000000000000e+00,2.177999999999999545e+03,2.298445114374030709e+02,2.267999999999999545e+03,-1.398445114374030709e+02,9.000000000000000000e+01,3.085009046765557628e+01,7.500000000000000000e+01,1.548445114374030709e+02,0.000000000000000000e+00,0.000000000000000000e+00,1.070000000000000000e+02,1.219914245524211083e+02,0.000000000000000000e+00,0.000000000000000000e+00
2.000000000000000000e+00,2.267999999999999545e+03,2.289914245524211083e+02,2.365999999999999545e+03,-1.309914245524209946e+02,9.800000000000011369e+01,3.295608333629234465e+01,8.166666666666667140e+01,1.473247578857544227e+02,0.000000000000000000e+00,0.000000000000000000e+00,1.070000000000000000e+02,1.211442618819181831e+02,0.000000000000000000e+00,0.000000000000000000e+00
2.000000000000000000e+00,2.365999999999999545e+03,2.281442618819181973e+02,2.415999999999999545e+03,-1.781442618819182826e+02,4.999999999999991473e+01,1.663148718221709643e+01,4.166666666666666430e+01,1.864775952152515401e+02,0.000000000000000000e+00,0.000000000000000000e+00,1.070000000000000000e+02,1.203029822855159665e+02,0.000000000000000000e+00,0.000000000000000000e+00
2.000000000000000000e+00,2.415999999999999545e+03,2.273029822855160091e+02,2.477999999999999545e+03,-1.653029822855160091e+02,6.200000000000000000e+01,2.099722966841027016e+01,5.166666666666667140e+01,1.756363156188493235e+02,0.000000000000000000e+00,0.000000000000000000e+00,1.070000000000000000e+02,1.194675449085332275e+02,0.000000000000000000e+00,0.000000000000000000e+00
2.000000000000000000e+00,2.477999999999999545e+03,2.264675449085332275e+02,2.527999999999999545e+03,-1.764675449085330001e+02,5.000000000000022737e+01,1.677793680402417564e+01,4.166666666666667140e+01,1.848008782418665419e+02,0.000000000000000000e+00,0.000000000000000000e+00,1.070000000000000000e+02,1.186379091800017562e+02,0.000000000000000000e+00,0.000000000000000000e+00
2.000000000000000000e+00,2.527999999999999545e+03,2.256379091800017420e+02,2.641999999999999545e+03,-1.116379091800017704e+02,1.139999999999999716e+02,3.868976408232524022e+01,9.500000000000000000e+01,1.306379091800017420e+02,0.000000000000000000e+00,0.000000000000000000e+00,1.070000000000000000e+02,1.178140348106961852e+02,0.000000000000000000e+00,0.000000000000000000e+00
2.000000000000000000e+00,2.641999999999999545e+03,2.248140348106961710e+02,2.765999999999999545e+03,-1.008140348106962847e+02,1.239999999999998863e+02,4.217774592125419275e+01,1.033333333333333286e+02,1.214807014773628424e+02,0.000000000000000000e+00,0.000000000000000000e+00,1.070000000000000000e+02,1.169958817911774531e+02,0.000000000000000000e+00,0.000000000000000000e+00
2.000000000000000000e+00,2.765999999999999545e+03,2.239958817911774531e+02,2.801999999999999545e+03,-1.879958817911774531e+02,3.600000000000000000e+01,1.153853614978408437e+01,3.000000000000000000e+01,1.939958817911774531e+02,0.000000000000000000e+00,0.000000000000000000e+00,1.070000000000000000e+02,1.161834103898498398e+02,0.000000000000000000e+00,0.000000000000000000e+00
2.000000000000000000e+00,2.801999999999999545e+03,2.231834103898498256e+02,2.873999999999999545e+03,-1.511834103898499961e+02,7.199999999999982947e+01,2.413865401601877636e+01,6.000000000000000000e+01,1.631834103898498256e+02,0.000000000000000000e+00,0.000000000000000000e+00,1.010000000000000000e+02,1.153765811510314307e+02,0.000000000000000000e+00,0.000000000000000000e+00
2.000000000000000000e+00,2.873999999999999545e+03,2.163765811510314165e+02,2.951999999999999545e+03,-1.383765811510315871e+02,7.799999999999982947e+01,2.608317616271093087e+01,6.500000000000000000e+01,1.513765811510314165e+02,0.000000000000000000e+00,0.000000000000000000e+00,1.010000000000000000e+02,1.145753548930381811e+02,0.000000000000000000e+00,0.000000000000000000e+00
2.000000000000000000e+00,2.951999999999999545e+03,2.155753548930381669e+02,2.971999999999999091e+03,-1.955753548930388206e+02,1.999999999999934630e+01,6.563045585846764673e+00,1.666666666666666785e+01,1.989086882263715097e+02,0.000000000000000000e+00,0.000000000000000000e+00,1.010000000000000000e+02,1.137796927062809687e+02,0.000000000000000000e+00,0.000000000000000000e+00
2.000000000000000000e+00,2.971999999999999091e+03,2.147796927062809402e+02,3.003999999999999545e+03,-1.827796927062804571e+02,3.200000000000048317e+01,1.016303125828604159e+01,2.666666666666666785e+01,1.881130260396142830e+02,0.000000000000000000e+00,0.000000000000000000e+00,1.010000000000000000e+02,1.129895559513762322e+02,0.000000000000000000e+00,0.000000000000000000e+00
2.000000000000000000e+00,3.003999999999999545e+03,2.139895559513761896e+02,3.061999999999999091e+03,-1.559895559513765875e+02,5.799999999999960210e+01,1.891127786143589518e+01,4.833333333333332860e+01,1.656562226180428752e+02,0.000000000000000000e+00,0.000000000000000000e+00,1.010000000000000000e+02,1.122049062572694567e+02,0.000000000000000000e+00,0.000000000000000000e+00
2.000000000000000000e+00,3.061999999999999091e+03,2.132049062572694424e+02,3.107999999999999545e+03,-1.672049062572691582e+02,4.600000000000028422e+01,1.531129218899661915e+01,5.000000000000000000e+01,1.632049062572694424e+02,4.898779673354519915e+00,1.166666666666666785e+01,1.010000000000000000e+02,1.114257055193717605e+02,0.000000000000000000e+00,0.000000000000000000e+00
2.000000000000000000e+00,3.107999999999999545e+03,2.124257055193717179e+02,3.139999999999999091e+03,-1.804257055193720589e+02,3.199999999999965894e+01,1.069276874984200809e+01,6.000000000000000000e+01,1.524257055193717179e+02,1.369712575314860814e+01,3.333333333333333570e+01,1.010000000000000000e+02,1.106519158977094435e+02,0.000000000000000000e+00,0.000000000000000000e+00
2.000000000000000000e+00,3.139999999999999091e+03,2.116519158977094719e+02,3.173999999999998636e+03,-1.776519158977098414e+02,3.399999999999963052e+01,1.091259151250181247e+01,2.833333333333333215e+01,1.833185825643761291e+02,0.000000000000000000e+00,0.000000000000000000e+00,1.010000000000000000e+02,1.098834998150864521e+02,0.000000000000000000e+00,0.000000000000000000e+00
2.000000000000000000e+00,3.173999999999998636e+03,2.108834998150864237e+02,3.211999999999999091e+03,-1.728834998150859974e+02,3.800000000000042633e+01,1.270829426926066930e+01,3.166666666666666785e+01,1.792168331484197665e+02,0.000000000000000000e+00,0.000000000000000000e+00,1.010000000000000000e+02,1.091204199552594787e+02,0.000000000000000000e+00,0.000000000000000000e+00
2.000000000000000000e+00,3.211999999999999091e+03,2.101204199552594787e+02,3.279999999999999091e+03,-1.421204199552594218e+02,6.800000000000005684e+01,2.308388942522904586e+01,5.666666666666667140e+01,1.534537532885927931e+02,0.000000000000000000e+00,0.000000000000000000e+00,1.010000000000000000e+02,1.083626392611257216e+02,0.000000000000000000e+00,0.000000000000000000e+00
2.000000000000000000e+00,3.279999999999999091e+03,2.093626392611257643e+02,3.311999999999998636e+03,-1.773626392611263327e+02,3.199999999999943157e+01,1.059541791862817917e+01,7.666666666666667140e+01,1.326959725944590787e+02,2.083929488163962063e+01,5.000000000000000000e+01,1.010000000000000000e+02,1.076101209329234933e+02,0.000000000000000000e+00,0.000000000000000000e+00
2.000000000000000000e+00,3.311999999999998636e+03,2.086101209329234507e+02,3.357999999999999091e+03,-1.626101209329231096e+02,4.600000000000034106e+01,1.593718502869318954e+01,3.833333333333332860e+01,1.702767875995901363e+02,0.000000000000000000e+00,0.000000000000000000e+00,1.010000000000000000e+02,1.068628284264448354e+02,0.000000000000000000e+00,0.000000000000000000e+00
2.000000000000000000e+00,3.357999999999999091e+03,2.078628284264448496e+02,3.379999999999998636e+03,-1.858628284264455033e+02,2.199999999999934630e+01,7.317059079043202630e+00,1.833333333333333215e+01,1.895294950931115068e+02,0.000000000000000000e+00,0.000000000000000000e+00,9.600000000000000000e+01,1.061207254512611939e+02,0.000000000000000000e+00,0.000000000000000000e+00
2.000000000000000000e+00,3.379999999999998636e+03,2.021207254512611939e+02,3.437999999999998636e+03,-1.441207254512610234e+02,5.800000000000017053e+01,1.939232411008638124e+01,4.833333333333332860e+01,1.537873921179278796e+02,0.000000000000000000e+00,0.000000000000000000e+00,9.600000000000000000e+01,1.053837759689607765e+02,0.000000000000000000e+00,0.000000000000000000e+00
2.000000000000000000e+00,3.437999999999998636e+03,2.013837759689607765e+02,3.521999999999998636e+03,-1.173837759689608902e+02,8.399999999999988631e+01,2.795741500949203839e+01,7.000000000000000000e+01,1.313837759689607765e+02,0.000000000000000000e+00,0.000000000000000000e+00,9.600000000000000000e+01,1.046519441913985560e+02,0.000000000000000000e+00,0.000000000000000000e+00
2.000000000000000000e+00,3.521999999999998636e+03,2.006519441913985418e+02,3.611999999999998636e+03,-1.106519441913983428e+02,9.000000000000019895e+01,3.083256411305122668e+01,7.500000000000000000e+01,1.256519441913985418e+02,0.000000000000000000e+00,0.000000000000000000e+00,9.600000000000000000e+01,1.039251945789582834e+02,0.000000000000000000e+00,0.000000000000000000e+00
2.000000000000000000e+00,3.611999999999998636e+03,1.999251945789582692e+02,3.723999999999999091e+03,-8.792519457895787127e+01,1.120000000000003979e+02,3.791584735755947833e+01,9.333333333333332860e+01,1.065918612456249548e+02,0.000000000000000000e+00,0.000000000000000000e+00,9.600000000000000000e+01,1.032034918388266505e+02,0.000000000000000000e+00,0.000000000000000000e+00
2.000000000000000000e+00,3.723999999999999091e+03,1.992034918388266362e+02,3.767999999999998636e+03,-1.552034918388271763e+02,4.399999999999945999e+01,1.433071811900618364e+01,3.666666666666666430e+01,1.625368251721599790e+02,0.000000000000000000e+00,0.000000000000000000e+00,9.600000000000000000e+01,1.024868009232792332e+02,0.000000000000000000e+00,0.000000000000000000e+00
2.000000000000000000e+00,3.767999999999998636e+03,1.984868009232792190e+02,3.835999999999998636e+03,-1.304868009232791337e+02,6.800000000000008527e+01,2.222721375015128942e+01,5.666666666666666430e+01,1.418201342566125618e+02,0.000000000000000000e+00,0.000000000000000000e+00,9.600000000000000000e+01,1.017750870279786710e+02,0.000000000000000000e+00,0.000000000000000000e+00
2.000000000000000000e+00,3.835999999999998636e+03,1.977750870279786852e+02,3.913999999999998636e+03,-1.197750870279787705e+02,7.799999999999991473e+01,2.592861705765238867e+01,6.500000000000000000e+01,1.327750870279786852e+02,0.000000000000000000e+00,0.000000000000000000e+00,9.600000000000000000e+01,1.010683155902843851e+02,0.000000000000000000e+00,0.000000000000000000e+00
2.000000000000000000e+00,3.913999999999998636e+03,1.970683155902843851e+02,3.945999999999999091e+03,-1.650683155902838735e+02,3.200000000000051159e+01,2.165363290995457390e+01,8.000000000000000000e+01,1.170683155902843993e+02,2.156937310401870889e+01,5.333333333333332860e+01,9.600000000000000000e+01,1.003664522875740772e+02,0.000000000000000000e+00,0.000000000000000000e+00
2.000000000000000000e+00,3.945999999999999091e+03,1.963664522875740772e+02,3.933999999999998181e+03,-2.083664522875751572e+02,-1.200000000000108002e+01,2.013434605742637729e+01,7.000000000000000000e+01,1.263664522875740914e+02,3.158598252458041955e+01,8.000000000000000000e+01,9.600000000000000000e+01,9.966946303557703857e+01,0.000000000000000000e+00,0.000000000000000000e+00
2.000000000000000000e+00,3.933999999999998181e+03,1.956694630355770528e+02,3.957999999999998181e+03,-1.716694630355768822e+02,2.400000000000017053e+01,7.550907783014482177e+00,2.000000000000000000e+01,1.756694630355770528e+02,0.000000000000000000e+00,0.000000000000000000e+00,9.600000000000000000e+01,9.897731398671886893e+01,0.000000000000000000e+00,0.000000000000000000e+00
2.000000000000000000e+00,3.957999999999998181e+03,1.949773139867188547e+02,4.003999999999998636e+03,-1.489773139867184000e+02,4.600000000000045475e+01,1.484499817904984909e+01,3.833333333333332860e+01,1.566439806533855403e+02,0.000000000000000000e+00,0.000000000000000000e+00,9.600000000000000000e+01,9.828997152847777841e+01,0.000000000000000000e+00,0.000000000000000000e+00
2.000000000000000000e+00,4.003999999999998636e+03,1.942899715284777926e+02,4.063999999999998181e+03,-1.342899715284784179e+02,5.999999999999937472e+01,1.982048163956266862e+01,5.000000000000000000e+01,1.442899715284777926e+02,0.000000000000000000e+00,0.000000000000000000e+00,1.000000000000000000e+02,9.760740228175222910e+01,0.000000000000000000e+00,0.000000000000000000e+00
2.000000000000000000e+00,4.063999999999998181e+03,1.976074022817522007e+02,4.029999999999998181e+03,-2.316074022817520017e+02,-3.399999999999980105e+01,9.318827325273085549e+00,5.666666666666666430e+01,1.409407356150855435e+02,3.418063611792688761e+01,8.500000000000000000e+01,1.000000000000000000e+02,9.692957309924007347e+01,0.000000000000000000e+00,0.000000000000000000e+00
2.000000000000000000e+00,4.029999999999998181e+03,1.969295730992400593e+02,4.081999999999998181e+03,-1.449295730992398603e+02,5.200000000000019895e+01,1.709303176077699504e+01,4.333333333333333570e+01,1.535962397659067165e+02,0.000000000000000000e+00,0.000000000000000000e+00,1.000000000000000000e+02,9.625645106382866345e+01,0.000000000000000000e+00,0.000000000000000000e+00
2.000000000000000000e+00,4.081999999999998181e+03,1.962564510638286777e+02,4.159999999999998181e+03,-1.182564510638285356e+02,7.800000000000014211e+01,2.576830561245973428e+01,6.500000000000000000e+01,1.312564510638286777e+02,0.000000000000000000e+00,0.000000000000000000e+00,1.000000000000000000e+02,9.558800348699652716e+01,0.000000000000000000e+00,0.000000000000000000e+00
2.000000000000000000e+00,4.159999999999998181e+03,1.955880034869965129e+02,4.257999999999998181e+03,-9.758800348699651295e+01,9.800000000000000000e+01,3.281942963978445249e+01,8.166666666666665719e+01,1.139213368203298558e+02,0.000000000000000000e+00,0.000000000000000000e+00,1.000000000000000000e+02,9.492419790722573225e+01,0.000000000000000000e+00,0.000000000000000000e+00
2.000000000000000000e+00,4.257999999999998181e+03,1.949241979072257038e+02,4.355999999999998181e+03,-9.692419790722578909e+01,9.799999999999991473e+01,3.281942963978445249e+01,1.083333333333333144e+02,8.659086457389238944e+01,1.070481910583411533e+01,2.666666666666666430e+01,1.000000000000000000e+02,9.426500208842554684e+01,0.000000000000000000e+00,0.000000000000000000e+00
2.000000000000000000e+00,4.355999999999998181e+03,1.942650020884255468e+02,4.445999999999998181e+03,-1.042650020884257174e+02,8.999999999999982947e+01,3.039636288057338476e+01,7.500000000000000000e+01,1.192650020884255611e+02,0.000000000000000000e+00,0.000000000000000000e+00,1.000000000000000000e+02,9.361038401836704281e+01,0.000000000000000000e+00,0.000000000000000000e+00
2.000000000000000000e+00,4.445999999999998181e+03,1.936103840183670286e+02,4.493999999999998181e+03,-1.456103840183668581e+02,4.800000000000017053e+01,1.577864195774640699e+01,4.000000000000000000e+01,1.536103840183670286e+02,0.000000000000000000e+00,0.000000000000000000e+00,1.000000000000000000e+02,9.296031190712837144e+01,0.000000000000000000e+00,0.000000000000000000e+00
2.000000000000000000e+00,4.493999999999998181e+03,1.929603119071283857e+02,4.589999999999998181e+03,-9.696031190712801617e+01,9.600000000000036948e+01,3.208594705800911129e+01,8.000000000000000000e+01,1.129603119071283857e+02,0.000000000000000000e+00,0.000000000000000000e+00,1.000000000000000000e+02,9.231475418555110934e+01,0.000000000000000000e+00,0.000000000000000000e+00
2.000000000000000000e+00,4.589999999999998181e+03,1.923147541855510667e+02,4.653999999999998181e+03,-1.283147541855514646e+02,6.399999999999960210e+01,2.186691162128619226e+01,5.333333333333332860e+01,1.389814208522177523e+02,0.000000000000000000e+00,0.000000000000000000e+00,1.000000000000000000e+02,9.167367950370702090e+01,0.000000000000000000e+00,0.000000000000000000e+00
2.000000000000000000e+00,4.653999999999998181e+03,1.916736795037070067e+02,4.689999999999998181e+03,-1.556736795037068077e+02,3.600000000000019895e+01,1.220316501080282734e+01,3.000000000000000000e+01,1.616736795037070067e+02,0.000000000000000000e+00,0.000000000000000000e+00,1.000000000000000000e+02,9.103705672937570625e+01,0.000000000000000000e+00,0.000000000000000000e+00
2.000000000000000000e+00,4.689999999999998181e+03,1.910370567293757063e+02,4.777999999999998181e+03,-1.030370567293757631e+02,8.799999999999994316e+01,3.026025994234929328e+01,7.333333333333332860e+01,1.177037233960423634e+02,0.000000000000000000e+00,0.000000000000000000e+00,1.000000000000000000e+02,9.040485494653283638e+01,0.000000000000000000e+00,0.000000000000000000e+00
2.000000000000000000e+00,4.777999999999998181e+03,1.904048549465328222e+02,4.867999999999998181e+03,-1.004048549465323958e+02,9.000000000000042633e+01,3.078401447668651159e+01,7.500000000000000000e+01,1.154048549465328222e+02,0.000000000000000000e+00,0.000000000000000000e+00,1.050000000000000000e+02,8.977704345384857731e+01,0.000000000000000000e+00,0.000000000000000000e+00
2.000000000000000000e+00,4.867999999999998181e+03,1.947770434538485631e+02,4.909999999999998181e+03,-1.527770434538488189e+02,4.199999999999974420e+01,1.377798941675587230e+01,3.500000000000000000e+01,1.597770434538485631e+02,0.000000000000000000e+00,0.000000000000000000e+00,1.050000000000000000e+02,8.915359176319684309e+01,0.000000000000000000e+00,0.000000000000000000e+00
2.000000000000000000e+00,4.909999999999998181e+03,1.941535917631968289e+02,4.961999999999997272e+03,-1.421535917631981647e+02,5.199999999999866418e+01,1.733246929741470055e+01,4.333333333333333570e+01,1.508202584298634861e+02,0.000000000000000000e+00,0.000000000000000000e+00,1.050000000000000000e+02,8.853446959817465256e+01,0.000000000000000000e+00,0.000000000000000000e+00
2.000000000000000000e+00,4.961999999999997272e+03,1.935344695981746383e+02,5.051999999999999091e+03,-1.035344695981730183e+02,9.000000000000162004e+01,3.008402549310703833e+01,7.500000000000000000e+01,1.185344695981746383e+02,0.000000000000000000e+00,0.000000000000000000e+00,1.050000000000000000e+02,8.791964689263176069e+01,0.000000000000000000e+00,0.000000000000000000e+00
2.000000000000000000e+00,5.051999999999999091e+03,1.929196468926317607e+02,5.129999999999999091e+03,-1.149196468926320449e+02,7.799999999999971578e+01,2.629931299310139181e+01,6.500000000000000000e+01,1.279196468926317607e+02,0.000000000000000000e+00,0.000000000000000000e+00,1.050000000000000000e+02,8.730909378921070640e+01,0.000000000000000000e+00,0.000000000000000000e+00
2.000000000000000000e+00,5.129999999999999091e+03,1.923090937892106922e+02,5.199999999999998181e+03,-1.223090937892111469e+02,6.999999999999954525e+01,2.375280207417047507e+01,5.833333333333332860e+01,1.339757604558773778e+02,0.000000000000000000e+00,0.000000000000000000e+00,1.050000000000000000e+02,8.670278063789675116e+01,0.000000000000000000e+00,0.000000000000000000e+00
2.000000000000000000e+00,5.199999999999998181e+03,1.917027806378967512e+02,5.289999999999998181e+03,-1.017027806378964669e+02,9.000000000000028422e+01,3.104226413777872651e+01,7.500000000000000000e+01,1.167027806378967512e+02,0.000000000000000000e+00,0.000000000000000000e+00,1.050000000000000000e+02,8.610067799457802096e+01,0.000000000000000000e+00,0.000000000000000000e+00
2.000000000000000000e+00,5.289999999999998181e+03,1.911006779945780067e+02,5.375999999999999091e+03,-1.051006779945773815e+02,8.600000000000062528e+01,2.934096632279992178e+01,7.166666666666665719e+01,1.194340113279113496e+02,0.000000000000000000e+00,0.000000000000000000e+00,1.050000000000000000e+02,8.550275661961568119e+01,0.000000000000000000e+00,0.000000000000000000e+00
2.000000000000000000e+00,5.375999999999999091e+03,1.905027566196156954e+02,5.418000000000000000e+03,-1.485027566196149564e+02,4.200000000000073896e+01,1.372235928183295783e+01,3.500000000000000000e+01,1.555027566196156954e+02,0.000000000000000000e+00,0.000000000000000000e+00,1.050000000000000000e+02,8.490898747642388855e+01,0.000000000000000000e+00,0.000000000000000000e+00
2.000000000000000000e+00,5.418000000000000000e+03,1.899089874764238743e+02,5.463999999999999091e+03,-1.439089874764249544e+02,4.599999999999891998e+01,1.532879828709380732e+01,3.833333333333332860e+01,1.515756541430905600e+02,0.000000000000000000e+00,0.000000000000000000e+00,1.050000000000000000e+02,8.431934173005984690e+01,0.000000000000000000e+00,0.000000000000000000e+00
2.000000000000000000e+00,5.463999999999999091e+03,1.893193417300598469e+02,5.514000000000000000e+03,-1.393193417300590227e+02,5.000000000000082423e+01,1.636702970279945646e+01,4.166666666666666430e+01,1.476526750633931897e+02,0.000000000000000000e+00,0.000000000000000000e+00,1.050000000000000000e+02,8.373379074582332748e+01,0.000000000000000000e+00,0.000000000000000000e+00
2.000000000000000000e+00,5.514000000000000000e+03,1.887337907458233133e+02,5.545999999999999091e+03,-1.567337907458240807e+02,3.199999999999923261e+01,1.065835533169908445e+01,2.666666666666666430e+01,1.620671240791566561e+02,0.000000000000000000e+00,0.000000000000000000e+00,1.050000000000000000e+02,8.315230608786622213e+01,0.000000000000000000e+00,0.000000000000000000e+00
2.000000000000000000e+00,5.545999999999999091e+03,1.881523060878662363e+02,5.588000000000000000e+03,-1.461523060878653268e+02,4.200000000000090949e+01,1.384398247694728745e+01,3.500000000000000000e+01,1.531523060878662363e+02,0.000000000000000000e+00,0.000000000000000000e+00,1.010000000000000000e+02,8.257485951781158917e+01,0.000000000000000000e+00,0.000000000000000000e+00
2.000000000000000000e+00,5.588000000000000000e+03,1.835748595178116034e+02,5.616000000000000000e+03,-1.555748595178120013e+02,2.799999999999960210e+01,8.683493210505876192e+00,2.333333333333333570e+01,1.602415261844782606e+02,0.000000000000000000e+00,0.000000000000000000e+00,1.010000000000000000e+02,8.200142299338234864e+01,0.000000000000000000e+00,0.000000000000000000e+00
2.000000000000000000e+00,5.616000000000000000e+03,1.830014229933823628e+02,5.643999999999999091e+03,-1.550014229933831302e+02,2.799999999999923261e+01,8.722372215084142510e+00,2.333333333333333570e+01,1.596680896600490200e+02,0.000000000000000000e+00,0.000000000000000000e+00,1.010000000000000000e+02,8.143196866703941339e+01,0.000000000000000000e+00,0.000000000000000000e+00
2.000000000000000000e+00,5.643999999999999091e+03,1.824319686670394276e+02,5.701999999999999091e+03,-1.244319686670396550e+02,5.799999999999977263e+01,1.908252747611081901e+01,4.833333333333333570e+01,1.340986353337060848e+02,0.000000000000000000e+00,0.000000000000000000e+00,1.010000000000000000e+02,8.086646888462942684e+01,0.000000000000000000e+00,0.000000000000000000e+00
